% -------------------------------------------------------------------
%  Generated by MATLAB on 12-Nov-2021 15:41:07
%  MATLAB version: 9.11.0.1769968 (R2021b)
% -------------------------------------------------------------------
                                

Kd = 1;

Ki = 13;

Kp = 300;

Ts = 0.01;

b = 50;

m = 1000;

u = 500;

