% -------------------------------------------------------------------
%  Generated by MATLAB on 30-Nov-2021 16:56:31
%  MATLAB version: 9.11.0.1769968 (R2021b)
% -------------------------------------------------------------------
                                      

J = 0.01;

K = 0.01;

Kd = 1;

Ki = 12;

Kp = 10;

L = 0.5;

R = 1;

Ts = 0.01;

b = 0.1;

v = 10;


